20
100.0
0 12 15 20 18 25 30 22 19 27 24 28 35 33 40 38 42 45 50 48
12 0 10 18 16 22 28 20 17 25 22 26 32 30 37 35 40 43 48 46
15 10 0 12 14 20 26 18 15 23 20 24 30 28 35 33 38 41 46 44
20 18 12 0 10 15 22 14 12 20 18 22 28 26 32 30 35 38 43 41
18 16 14 10 0 12 20 12 10 18 16 20 26 24 30 28 33 36 41 39
25 22 20 15 12 0 18 10 12 20 18 22 28 26 32 30 35 38 43 41
30 28 26 22 20 18 0 12 15 23 20 24 30 28 35 33 38 41 46 44
22 20 18 14 12 10 12 0 10 18 16 20 26 24 30 28 33 36 41 39
19 17 15 12 10 12 15 10 0 12 14 18 24 22 28 26 31 34 39 37
27 25 23 20 18 20 23 18 12 0 10 14 20 18 24 22 27 30 35 33
24 22 20 18 16 18 20 16 14 10 0 12 18 16 22 20 25 28 33 31
28 26 24 22 20 22 24 20 18 14 12 0 15 13 20 18 23 26 31 29
35 32 30 28 26 28 30 26 24 20 18 15 0 10 16 14 19 22 27 25
33 30 28 26 24 26 28 24 22 18 16 13 10 0 12 10 15 18 23 21
40 37 35 32 30 32 35 30 28 24 22 20 16 12 0 8 13 16 21 19
38 35 33 30 28 30 33 28 26 22 20 18 14 10 8 0 10 13 18 16
42 40 38 35 33 35 38 33 31 27 25 23 19 15 13 10 0 10 15 13
45 43 41 38 36 38 41 36 34 30 28 26 22 18 16 13 10 0 12 10
50 48 46 43 41 43 46 41 39 35 33 31 27 23 21 18 15 12 0 8
48 46 44 41 39 41 44 39 37 33 31 29 25 21 19 16 13 10 8 0
10
12
8
15
20
18
25
22
30
28
16
14
12
19
21
17
23
20
26
24
